start=24.166667
volume=48.000000
sub-delay=-0.100000
