start=3058.222000
volume=130.000000
