start=181.760000
volume=86.000000
fullscreen=yes
