start=191.925563
pause=yes
volume=72.000000
