start=3202.491000
volume=110.000000
fullscreen=yes
