start=3408.655000
volume=98.000000
fullscreen=yes
