start=3513.969000
volume=130.000000
fullscreen=yes
