start=28.680000
volume=72.000000
panscan=0.600000
sid=no
