start=2870.493000
pause=yes
volume=130.000000
