start=115.760000
volume=36.000000
fullscreen=yes
