start=49.792000
volume=130.000000
