start=105.188422
volume=106.000000
