start=1764.625000
volume=96.000000
fullscreen=yes
