start=8453.560000
volume=56.000000
fullscreen=yes
