start=2965.525000
volume=130.000000
fullscreen=yes
