start=3257.901000
volume=76.000000
