start=41.800000
pause=yes
volume=24.000000
