start=3271.831000
volume=80.000000
fullscreen=yes
