start=2839.107000
volume=130.000000
fullscreen=yes
