start=918.600000
pause=yes
volume=130.000000
