start=3261.967000
volume=130.000000
