start=3079.201000
volume=130.000000
fullscreen=yes
