start=18.380000
audio-delay=1.200000
fullscreen=yes
deinterlace=yes
sub-delay=-1.900000
