start=3066.480000
volume=130.000000
fullscreen=yes
