start=1205.566667
volume=130.000000
