start=2741.468000
volume=82.000000
