start=3474.137000
volume=130.000000
