start=217.225000
volume=78.000000
