start=770.100000
volume=70.000000
fullscreen=yes
