start=3310.703000
volume=90.000000
fullscreen=yes
