start=777.819000
volume=130.000000
