start=99.667000
volume=130.000000
fullscreen=yes
